2
45
15
10
2
1
1
1
1
6
1
1
5
1
1
1
1
7
1
8
13
1
3
1
1
5
1
1
1
1
2
1
1
11
1
1
2
1
14
4
1
1
2
1
4
2
2
1
1
1
5
1
1
1
1
4
2
1
1
1
2
7
2
1
1
3
1
4
1
1
1
1
1
6
5
1
6
3
7
4
2
1
5
1
1
7
1
1
3
3
3
1
1
1
1
1
144
1
4
1
44
1
7
1
14
2
477
2
1
1
7
1
2
1
1
1
2
1
1
1
1
1
2
1
1
12
20
1
1
1
7
1
3
1
2
3
2
1
3
5
2
1
7
1
1
2
1
1
3
1
7
2
1
1
1
1
3
1
56
1
2
2
5
1
4
2
1
1
1
1
2
1
2
12
1
2
1
1
12
1
1
7
3
14
1
3
2
3
109
3
1
3
1
1
1
1
6
7
7
6
1
1
1
2
1
1
5
1
1
6
4
1
6
2
14
3
1
1
1
2
1
5
1
1
1
1
1
2
1
1
1
1
1
1
1
1
1
1
6
8
5
1
3
1
2
12
1
10
3
1
1
1
2
1
1
1
2
1
40
1
1
8
1
1
1
3
1
3
1
1
1
14
8
5
5
1
1
3
14
1
4
1
3
1
3
13
2
3
6
1
1
11
3
7
2
1
1
1
1
2
12
1
12
15
1
15
1
1
5
7
1
2
1
1
1
1
7
1
2
1
6
2
1
1
4
3
1
5
1
1
3
3
1
1
1
2
1
3
2
1
1
1
26
1
53
5
1
1
1
6
2
31
1
11
5
3
7
1
33
2
17
1
3
1
1
1
12
1
1
1
1
1
30
6
1
1
7
1
1
3
1
1
1
1
3
4
1
1
6
1
1
2
1
1
1
1
1
1
4
3
5
103
2
4
1
3
1
1
7
1
1
4
5
2
1
1
103
3
1
1
1
1
2
29
1
1
3
6
12
12
1
63
30
1
1
243
1
1
1
2
1
1
5
7
1
1
4
1
1
3
4
1
1
5
13
2
1
3
1
1
1
1
3
11
5
2
1
1
1
1
1
1
122
3
116
198
15
1
1
25
1
58
12
3
1
1
3
1
1
3
1
1
1
6
7
44
1
6
5
1
6
1
1
3
7
1
2
5
1
3
2
6
1
1
1
1
9
1
1
2
1
1
1
3
3
1
4
1
1
1
1
4
2
1
1
1
3
1
1
8
1
5
9
25
5
3
1
36
7
1
2
6
1
17
1
1
6
1
3
1
1
1
7
6
1
3
1
1
11
1
1
1
1
2
2
3
3
30
7
1
1
1
5
1
1
6
5
15
6
1
3
1
1
1
1
1
11
1
3
1
1
2
1
2
1
1
1
1
1
13
2
1
2
3
1
1
1
8
1
1
1
1
3
1
1
1
3
2
1
1
3
3
14
1
1
1
1
1
1
2
10
1
1
2
21
1
2
1
3
117
3
1
7
1
6
1
2
1
1
1
1
1
1
1
6
4
2
26
2
2
1
4
1
1
9
1
1
3
1
1
1
1
1
3
1
3
1
1
1
21
5
26
1
19
1
9
2
1
1
1
8
1
10
2
1
12
2
1
1
2
1
1
5
9
26
1
1
3
1
3
1
2
2
1
1
36
1
1
4
3
7
1
1
9
2
1
1
5
2
1
1
1
1
1
1
5
1
1
1
1
4
1
3
2
2
4
1
1
1
2
1
7
3
1
5
12
1
4
1
1
1
1
8
3
1
2
1
1
1
1
1
7
1
1
1
1
19
6
1
1
2
1
1
1
1
5
1
9
2
1
2
1
9
2
1
1
1
111
3
6
2
3
1
2
111
2
1
1
2
1
18
3
1
1
4
1
1
1
1
3
14
1
1
1
19
27
1
3
4
1
1
1
3
1
1
1
6
1
1
1
114
1
5
3
1
1
2
3
31
2
3
1
26
1
12
1
1
3
8
2
1
2
2
5
2
1
1
14
1
13
1
5
1
7
3
1
3
1
1
2
1
1
3
7
7
7
3
1
1
6
1
3
2
1
1
2
1
6
1
2
1
5
1
2
1
3
7
2
1
1
7
1
9
2
1
1
1
1
2
1
1
2
1
8
4
1
2
3
7
3
1
1
1
4
5
1
1
1
2
7
3
39
2
1
1
4
5
2
1
12
22
1
1
1
12
2
1
3
3
1
1
1
1
1
5
3
1
3
2
3
1
1
1
7
2
12
3
1
7
3
1
5
3
1
1
2
1
2
1
1